{
 "cells": [
  {
   "cell_type": "code",
   "execution_count": 1,
   "metadata": {},
   "outputs": [
    {
     "name": "stdout",
     "output_type": "stream",
     "text": [
      "@@ Importing mplstyle from /Users/jskim/lib/icarusplot//icarus_style.mplstyle\n",
      "Welcome to JupyROOT 6.28/10\n"
     ]
    }
   ],
   "source": [
    "import icarusplot\n",
    "import uproot\n",
    "import pandas as pd\n",
    "import numpy as np\n",
    "import ROOT\n",
    "import matplotlib.pyplot as plt\n",
    "from matplotlib.lines import Line2D\n",
    "from matplotlib.patches import Patch"
   ]
  },
  {
   "cell_type": "code",
   "execution_count": 4,
   "metadata": {},
   "outputs": [],
   "source": [
    "CovMat = np.array([[0.0169, 0.0455, -0.22035, 0.214461],\n",
    "                   [0.0455, 1., -2.245, 0.9909],\n",
    "                   [-0.22035, -2.245, 6.25, -4.62375],\n",
    "                   [0.214461, 0.9909, -4.62375, 7.29]])"
   ]
  },
  {
   "cell_type": "code",
   "execution_count": 14,
   "metadata": {},
   "outputs": [
    {
     "data": {
      "text/plain": [
       "0.0169"
      ]
     },
     "execution_count": 14,
     "metadata": {},
     "output_type": "execute_result"
    }
   ],
   "source": [
    "CovMat[0,0]"
   ]
  },
  {
   "cell_type": "code",
   "execution_count": 19,
   "metadata": {},
   "outputs": [
    {
     "name": "stdout",
     "output_type": "stream",
     "text": [
      "ZExpCorr[0][0] = 1.000000;\n",
      "ZExpCorr[0][1] = 0.350000;\n",
      "ZExpCorr[0][2] = -0.678000;\n",
      "ZExpCorr[0][3] = 0.611000;\n",
      "ZExpCorr[1][0] = 0.350000;\n",
      "ZExpCorr[1][1] = 1.000000;\n",
      "ZExpCorr[1][2] = -0.898000;\n",
      "ZExpCorr[1][3] = 0.367000;\n",
      "ZExpCorr[2][0] = -0.678000;\n",
      "ZExpCorr[2][1] = -0.898000;\n",
      "ZExpCorr[2][2] = 1.000000;\n",
      "ZExpCorr[2][3] = -0.685000;\n",
      "ZExpCorr[3][0] = 0.611000;\n",
      "ZExpCorr[3][1] = 0.367000;\n",
      "ZExpCorr[3][2] = -0.685000;\n",
      "ZExpCorr[3][3] = 1.000000;\n"
     ]
    }
   ],
   "source": [
    "CorrMat = np.array([[0.0169, 0.0455, -0.22035, 0.214461],\n",
    "                   [0.0455, 1., -2.245, 0.9909],\n",
    "                   [-0.22035, -2.245, 6.25, -4.62375],\n",
    "                   [0.214461, 0.9909, -4.62375, 7.29]])\n",
    "\n",
    "for i in range(CovMat.shape[0]):\n",
    "    for j in range(CovMat.shape[1]):\n",
    "        CorrMat[i,j] = CovMat[i,j]/np.sqrt(CovMat[i,i])/np.sqrt(CovMat[j,j])\n",
    "        print('ZExpCorr[%d][%d] = %f;'%(i, j, CorrMat[i,j]))"
   ]
  },
  {
   "cell_type": "code",
   "execution_count": 16,
   "metadata": {},
   "outputs": [
    {
     "data": {
      "text/plain": [
       "array([[ 1.   ,  0.35 , -0.678,  0.611],\n",
       "       [ 0.35 ,  1.   , -0.898,  0.367],\n",
       "       [-0.678, -0.898,  1.   , -0.685],\n",
       "       [ 0.611,  0.367, -0.685,  1.   ]])"
      ]
     },
     "execution_count": 16,
     "metadata": {},
     "output_type": "execute_result"
    }
   ],
   "source": [
    "CorrMat"
   ]
  }
 ],
 "metadata": {
  "kernelspec": {
   "display_name": "Python 3",
   "language": "python",
   "name": "python3"
  },
  "language_info": {
   "codemirror_mode": {
    "name": "ipython",
    "version": 3
   },
   "file_extension": ".py",
   "mimetype": "text/x-python",
   "name": "python",
   "nbconvert_exporter": "python",
   "pygments_lexer": "ipython3",
   "version": "3.9.6"
  }
 },
 "nbformat": 4,
 "nbformat_minor": 2
}
